loss :  0.8498136401176453
tp :  2580.0
fp :  928.0
tn :  13104.0
fn :  928.0
accuracy :  0.8941847085952759
precision :  0.7354618310928345
recall :  0.7354618310928345
auc :  0.9020215272903442
prc :  0.7144598960876465
Specificity :  0.9639395475387573
Sensitivity :  0.9495438933372498
F1 score - micro: 0.7354618015963512
F1 score - macro: 0.16951379763469118
F1 score - weighted: 0.6233546150192464